              precision    recall  f1-score   support

        1000       0.95      0.95      0.95        59
       10000       0.96      0.87      0.91        60
      100000       0.96      0.92      0.94        60
        2000       0.93      0.90      0.92        60
       20000       0.88      0.98      0.93        59
        5000       0.95      0.90      0.92        61
       50000       0.95      0.92      0.93        61
  Bukan_Uang       0.88      1.00      0.94        65

    accuracy                           0.93       485
   macro avg       0.93      0.93      0.93       485
weighted avg       0.93      0.93      0.93       485



